# Matter power spectrum P(k) at redshift z=1
# for k=1.03008e-05 to 32.6088 h/Mpc,
# number of wavenumbers equal to 127
#    1:k (h/Mpc)              2:P (Mpc/h)^3        
       1.030083293944e-05       1.984782132391e+01 
       1.296798035011e-05       2.476863652203e+01 
       1.632572000240e-05       3.090945123231e+01 
       2.055286377685e-05       3.857267775850e+01 
       2.587452249383e-05       4.813570536379e+01 
       3.257409388552e-05       6.006943293700e+01 
       4.100835455865e-05       7.496136263067e+01 
       5.162645964974e-05       9.354441002860e+01 
       6.499386197403e-05       1.167327135874e+02 
       8.182242444975e-05       1.456660750822e+02 
       1.030083293944e-04       1.817649625822e+02 
       1.296798035011e-04       2.267982361079e+02 
       1.632572000240e-04       2.829521477416e+02 
       2.055286377685e-04       3.529773172416e+02 
       2.587452249383e-04       4.402433897703e+02 
       3.257409388552e-04       5.489122263461e+02 
       4.100835455865e-04       6.840760136829e+02 
       5.162645964974e-04       8.519041262243e+02 
       6.499386197403e-04       1.059770102071e+03 
       8.182242444975e-04       1.316332103791e+03 
       1.030083293944e-03       1.631532350841e+03 
       1.296798035011e-03       2.016442770363e+03 
       1.632572000240e-03       2.482773805690e+03 
       2.055286377685e-03       3.041810604430e+03 
       2.587452249383e-03       3.702687190153e+03 
       3.257409388552e-03       4.469804970341e+03 
       4.100835455865e-03       5.339309605004e+03 
       5.162645964974e-03       6.294340187770e+03 
       6.499386197403e-03       7.299330666745e+03 
       8.182242444975e-03       8.293388432051e+03 
       1.030083293944e-02       9.184723211069e+03 
       1.296798035011e-02       9.846373634275e+03 
       1.632572000238e-02       1.012205493138e+04 
       2.055286367344e-02       9.856273899439e+03 
       2.587443398161e-02       8.971422214383e+03 
       3.256061612577e-02       7.593339501228e+03 
       4.051992114022e-02       6.178140143200e+03 
       4.740674887666e-02       5.339820775678e+03 
       5.237293260475e-02       4.930395822696e+03 
       5.643976216693e-02       4.676942403168e+03 
       6.005748950045e-02       4.486625563377e+03 
       6.342443371587e-02       4.321330085488e+03 
       6.664456422611e-02       4.162249940731e+03 
       6.977979756534e-02       3.999375283108e+03 
       7.287059645459e-02       3.827927677003e+03 
       7.594536209586e-02       3.646666541485e+03 
       7.902521308484e-02       3.456949255591e+03 
       8.212662859375e-02       3.262063436033e+03 
       8.526300879212e-02       3.066579898402e+03 
       8.844564536618e-02       2.875707710668e+03 
       9.168435132178e-02       2.694700781944e+03 
       9.498788422362e-02       2.528186618948e+03 
       9.836423895999e-02       2.379755045771e+03 
       1.018208551303e-01       2.251517880606e+03 
       1.053647668131e-01       2.143915820692e+03 
       1.090027123752e-01       2.055602657016e+03 
       1.127412158956e-01       1.983536702992e+03 
       1.165866480054e-01       1.923192456129e+03 
       1.205452715426e-01       1.868966234302e+03 
       1.246232758681e-01       1.814839226804e+03 
       1.288268026658e-01       1.755301527172e+03 
       1.331619653711e-01       1.686425201727e+03 
       1.376348639200e-01       1.606779947118e+03 
       1.422515962108e-01       1.517848777511e+03 
       1.470182674727e-01       1.423835977898e+03 
       1.519409986055e-01       1.330599935972e+03 
       1.570259344755e-01       1.244227920526e+03 
       1.622792530973e-01       1.169581014802e+03 
       1.677071766045e-01       1.108948001748e+03 
       1.733159848861e-01       1.061593964659e+03 
       1.791120327566e-01       1.023876201268e+03 
       1.851017715165e-01       9.904001980505e+02 
       1.912917757557e-01       9.553092401693e+02 
       1.976887762547e-01       9.139829785708e+02 
       2.042996998514e-01       8.655859197094e+02 
       2.111317171722e-01       8.132508060821e+02 
       2.181922991822e-01       7.621711522760e+02 
       2.254892836037e-01       7.169703900436e+02 
       2.330309523977e-01       6.800384058721e+02 
       2.408261217128e-01       6.507804524114e+02 
       2.488842460073e-01       6.256928593682e+02 
       2.572155384585e-01       6.003040899853e+02 
       2.658311103297e-01       5.718985188034e+02 
       2.747431327030e-01       5.408174894608e+02 
       2.839650249648e-01       5.099703079842e+02 
       2.935116757268e-01       4.827097302779e+02 
       3.033997035766e-01       4.600526289435e+02 
       3.136477673358e-01       4.403598393495e+02 
       3.242769385644e-01       4.210351599514e+02 
       3.353111531997e-01       4.005183266331e+02 
       3.467777649052e-01       3.796892067390e+02 
       3.587082306125e-01       3.603766161278e+02 
       3.711389698744e-01       3.434450741933e+02 
       3.841124556017e-01       3.278990984226e+02 
       3.976786169814e-01       3.124016173579e+02 
       4.118966698306e-01       2.968547219600e+02 
       4.268375417879e-01       2.821416609675e+02 
       4.425871404237e-01       2.685819571090e+02 
       4.592508402378e-01       2.556414034933e+02 
       4.769597727656e-01       2.428114388513e+02 
       4.958798534532e-01       2.303983860657e+02 
       5.162250853996e-01       2.186231478618e+02 
       5.382777732196e-01       2.070541455959e+02 
       5.624203374013e-01       1.956620372476e+02 
       5.891874846215e-01       1.845034715371e+02 
       6.193559815181e-01       1.733302127085e+02 
       6.541081663376e-01       1.620709085064e+02 
       6.953503206930e-01       1.504845918202e+02 
       7.463817280337e-01       1.382899341919e+02 
       8.134149882911e-01       1.250056262226e+02 
       9.091731521721e-01       1.099098894664e+02 
       1.059823984880e+00       9.223546295584e+01 
       1.300901221876e+00       7.290604903590e+01 
       1.634369433993e+00       5.565109560562e+01 
       2.057478776046e+00       4.168835427020e+01 
       2.590212022465e+00       3.051838929124e+01 
       3.260883736840e+00       2.172663149684e+01 
       4.105209401214e+00       1.499340524306e+01 
       5.168152435925e+00       1.002022667312e+01 
       6.506318433612e+00       6.497184818914e+00 
       8.190969613298e+00       4.103144311705e+00 
       1.031181979342e+01       2.535178242575e+00 
       1.298181197977e+01       1.539185727166e+00 
       1.634313299247e+01       9.218076523147e-01 
       2.057478543255e+01       5.463343923911e-01 
       2.590212022325e+01       3.212702384015e-01 
       3.260883736840e+01       1.878240556907e-01 
