# Matter power spectrum P(k) at redshift z=1
# for k=1.04962e-05 to 33.2257 h/Mpc,
# number of wavenumbers equal to 127
#    1:k (h/Mpc)              2:P (Mpc/h)^3        
       1.049615931175e-05       1.917155648204e+01 
       1.321388168381e-05       2.392471073991e+01 
       1.663529144018e-05       2.985627815544e+01 
       2.094259112665e-05       3.725839812495e+01 
       2.636516015815e-05       4.649558126142e+01 
       3.319177010912e-05       5.802267080190e+01 
       4.178596285281e-05       7.240715010165e+01 
       5.260541049168e-05       9.035694148497e+01 
       6.622628806585e-05       1.127549941765e+02 
       8.337395697489e-05       1.407021935398e+02 
       1.049615931175e-04       1.755704501795e+02 
       1.321388168381e-04       2.190680442642e+02 
       1.663529144018e-04       2.733064997666e+02 
       2.094259112665e-04       3.409409915278e+02 
       2.636516015815e-04       4.252243212956e+02 
       3.319177010912e-04       5.301721839235e+02 
       4.178596285281e-04       6.606950065093e+02 
       5.260541049169e-04       8.227367339319e+02 
       6.622628806585e-04       1.023392555251e+03 
       8.337395697489e-04       1.270979379811e+03 
       1.049615931175e-03       1.575025262886e+03 
       1.321388168381e-03       1.946105285053e+03 
       1.663529144018e-03       2.395343640053e+03 
       2.094259112665e-03       2.933355646480e+03 
       2.636516015815e-03       3.568549393360e+03 
       3.319177010912e-03       4.304606344607e+03 
       4.178596285281e-03       5.137059736772e+03 
       5.260541049169e-03       6.048681050270e+03 
       6.622628806585e-03       7.004031777474e+03 
       8.337395697489e-03       7.943125916503e+03 
       1.049615931175e-02       8.776321765918e+03 
       1.321388168381e-02       9.380415861232e+03 
       1.663529144015e-02       9.605641865278e+03 
       2.094259093358e-02       9.306953829324e+03 
       2.636501855751e-02       8.421420199629e+03 
       3.317275609789e-02       7.089690576866e+03 
       4.117028741936e-02       5.773260702455e+03 
       4.786471822073e-02       5.025926016950e+03 
       5.272857463058e-02       4.655400720053e+03 
       5.674724358842e-02       4.421830769455e+03 
       6.033899051184e-02       4.244043147726e+03 
       6.369087791058e-02       4.088110685366e+03 
       6.690216546730e-02       3.937014140282e+03 
       7.003247736120e-02       3.781790023620e+03 
       7.312103166301e-02       3.618196195569e+03 
       7.619549758725e-02       3.445279021978e+03 
       7.927653673305e-02       3.264506663794e+03 
       8.238032967854e-02       3.079118054353e+03 
       8.552007456334e-02       2.893523282899e+03 
       8.870692267757e-02       2.712713105249e+03 
       9.195058748253e-02       2.541644993532e+03 
       9.525975493405e-02       2.384673596488e+03 
       9.864236791423e-02       2.245094496175e+03 
       1.021058280651e-01       2.124816116325e+03 
       1.056571417477e-01       2.024091585360e+03 
       1.093030271717e-01       1.941551089906e+03 
       1.130499938926e-01       1.874157603227e+03 
       1.169044022397e-01       1.817504806937e+03 
       1.208725079215e-01       1.766209774319e+03 
       1.249604955540e-01       1.714546989446e+03 
       1.291745038698e-01       1.657364942179e+03 
       1.335206447074e-01       1.591090428011e+03 
       1.380050174443e-01       1.514563162703e+03 
       1.426337202456e-01       1.429461937587e+03 
       1.474128593106e-01       1.339896313767e+03 
       1.523485571728e-01       1.251555555563e+03 
       1.574469610339e-01       1.170200087746e+03 
       1.627142520580e-01       1.100259409470e+03 
       1.681566565258e-01       1.043727528899e+03 
       1.737804597268e-01       9.996453924226e+02 
       1.795920234548e-01       9.643464675605e+02 
       1.855978079626e-01       9.326580731708e+02 
       1.918043992299e-01       8.989691553772e+02 
       1.982185423983e-01       8.591383463563e+02 
       2.048471822440e-01       8.126881661560e+02 
       2.116975115892e-01       7.628447586820e+02 
       2.187770286152e-01       7.146025920037e+02 
       2.260936041331e-01       6.722405612931e+02 
       2.336555600244e-01       6.378196785169e+02 
       2.414717602743e-01       6.105278659235e+02 
       2.495517163331e-01       5.868613748722e+02 
       2.579057089602e-01       5.625993819000e+02 
       2.665449292714e-01       5.353814941347e+02 
       2.754816424689e-01       5.057642427203e+02 
       2.847293787343e-01       4.766485194746e+02 
       2.943031570861e-01       4.511384381456e+02 
       3.042197497613e-01       4.299665876565e+02 
       3.144979970145e-01       4.114319447949e+02 
       3.251591853633e-01       3.930592339858e+02 
       3.362275065690e-01       3.735327506492e+02 
       3.477306204760e-01       3.538447676882e+02 
       3.597003529601e-01       3.357241037004e+02 
       3.721735716982e-01       3.198641749328e+02 
       3.851932989059e-01       3.052002889905e+02 
       3.988101441581e-01       2.905280707065e+02 
       4.130841760173e-01       2.758527919839e+02 
       4.280874051803e-01       2.620401090548e+02 
       4.439071355366e-01       2.493126980285e+02 
       4.606505724552e-01       2.371170115349e+02 
       4.784512945729e-01       2.250288732201e+02 
       4.974785603450e-01       2.133799666043e+02 
       5.179510558978e-01       2.023234987406e+02 
       5.401578396427e-01       1.914439734599e+02 
       5.644914092968e-01       1.807531111589e+02 
       5.915021237723e-01       1.702819897040e+02 
       6.219922530160e-01       1.597959739695e+02 
       6.571881446088e-01       1.492345272597e+02 
       6.990774248951e-01       1.383622498664e+02 
       7.511222483067e-01       1.269142931455e+02 
       8.198892963002e-01       1.144322177525e+02 
       9.188990552105e-01       1.002423196272e+02 
       1.075680404489e+00       8.369748659524e+01 
       1.324834889789e+00       6.593111949057e+01 
       1.665265703079e+00       5.037058578997e+01 
       2.096397260555e+00       3.782829029770e+01 
       2.639207611469e+00       2.779335407475e+01 
       3.322565528991e+00       1.987869956532e+01 
       4.182862176798e+00       1.379322969286e+01 
       5.265911488404e+00       9.272592122145e+00 
       6.629389789010e+00       6.047698500961e+00 
       8.345907270074e+00       3.840241939563e+00 
       1.050687474677e+01       2.384471409185e+00 
       1.322737161725e+01       1.453987805853e+00 
       1.665227426020e+01       8.740803383681e-01 
       2.096397123034e+01       5.197502045521e-01 
       2.639207611399e+01       3.065144336406e-01 
       3.322565528991e+01       1.796513537945e-01 
