# Matter power spectrum P(k) at redshift z=0
# for k=1.04962e-05 to 33.2257 h/Mpc,
# number of wavenumbers equal to 127
#    1:k (h/Mpc)              2:P (Mpc/h)^3        
       1.049615931175e-05       5.147657844456e+01 
       1.321388168381e-05       6.423902897574e+01 
       1.663529144018e-05       8.016556541293e+01 
       2.094259112665e-05       1.000405630511e+02 
       2.636516015815e-05       1.248427544310e+02 
       3.319177010912e-05       1.557933673699e+02 
       4.178596285281e-05       1.944159940875e+02 
       5.260541049168e-05       2.426112556333e+02 
       6.622628806585e-05       3.027495206010e+02 
       8.337395697489e-05       3.777859414570e+02 
       1.049615931175e-04       4.714026532486e+02 
       1.321388168381e-04       5.881835309476e+02 
       1.663529144018e-04       7.337403700044e+02 
       2.094259112665e-04       9.152664195976e+02 
       2.636516015815e-04       1.141437080550e+03 
       3.319177010912e-04       1.422991946548e+03 
       4.178596285281e-04       1.773048405805e+03 
       5.260541049169e-04       2.207472430632e+03 
       6.622628806585e-04       2.745210852217e+03 
       8.337395697489e-04       3.408522025680e+03 
       1.049615931175e-03       4.222968415449e+03 
       1.321388168381e-03       5.216870181602e+03 
       1.663529144018e-03       6.419836363016e+03 
       2.094259112665e-03       7.860040570223e+03 
       2.636516015815e-03       9.559621524310e+03 
       3.319177010912e-03       1.152786279877e+04 
       4.178596285281e-03       1.375200301974e+04 
       5.260541049169e-03       1.618481471155e+04 
       6.622628806585e-03       1.873006746048e+04 
       8.337395697489e-03       2.122617276506e+04 
       1.049615931175e-02       2.343176371053e+04 
       1.321388168381e-02       2.501766107462e+04 
       1.663529144015e-02       2.558555195925e+04 
       2.094259093358e-02       2.475347924717e+04 
       2.636501855751e-02       2.236145363591e+04 
       3.317275609789e-02       1.879256605766e+04 
       4.117028741936e-02       1.528060438040e+04 
       4.786471822073e-02       1.329570095844e+04 
       5.272857463058e-02       1.231733622947e+04 
       5.674724358842e-02       1.170503914097e+04 
       6.033899051184e-02       1.124237635790e+04 
       6.369087791058e-02       1.083876535037e+04 
       6.690216546730e-02       1.044857363006e+04 
       7.003247736120e-02       1.004755592721e+04 
       7.312103166301e-02       9.624061841321e+03 
       7.619549758725e-02       9.175247039846e+03 
       7.927653673305e-02       8.704827068758e+03 
       8.238032967854e-02       8.221369960744e+03 
       8.552007456334e-02       7.736721104192e+03 
       8.870692267757e-02       7.264425085297e+03 
       9.195058748253e-02       6.817877794144e+03 
       9.525975493405e-02       6.408972698937e+03 
       9.864236791423e-02       6.046766498157e+03 
       1.021058280651e-01       5.736510489236e+03 
       1.056571417477e-01       5.479051694028e+03 
       1.093030271717e-01       5.270839639428e+03 
       1.130499938926e-01       5.103832701712e+03 
       1.169044022397e-01       4.966225118037e+03 
       1.208725079215e-01       4.843383192139e+03 
       1.249604955540e-01       4.719581877004e+03 
       1.291745038698e-01       4.580331633431e+03 
       1.335206447074e-01       4.415398751442e+03 
       1.380050174443e-01       4.221172138352e+03 
       1.426337202456e-01       4.002082070317e+03 
       1.474128593106e-01       3.769519433815e+03 
       1.523485571728e-01       3.539498033523e+03 
       1.574469610339e-01       3.328192529014e+03 
       1.627142520580e-01       3.148058117783e+03 
       1.681566565258e-01       3.004774515682e+03 
       1.737804597268e-01       2.895758761983e+03 
       1.795920234548e-01       2.810909808213e+03 
       1.855978079626e-01       2.735771236984e+03 
       1.918043992299e-01       2.654390635749e+03 
       1.982185423983e-01       2.554780329345e+03 
       2.048471822440e-01       2.435384811886e+03 
       2.116975115892e-01       2.305438261049e+03 
       2.187770286152e-01       2.179295026163e+03 
       2.260936041331e-01       2.069230688026e+03 
       2.336555600244e-01       1.981102283905e+03 
       2.414717602743e-01       1.912632687638e+03 
       2.495517163331e-01       1.853866145899e+03 
       2.579057089602e-01       1.792766193145e+03 
       2.665449292714e-01       1.722538731055e+03 
       2.754816424689e-01       1.644820628360e+03 
       2.847293787343e-01       1.567999636675e+03 
       2.943031570861e-01       1.500944901901e+03 
       3.042197497613e-01       1.445704134731e+03 
       3.144979970145e-01       1.397424990834e+03 
       3.251591853633e-01       1.349106439206e+03 
       3.362275065690e-01       1.297083254075e+03 
       3.477306204760e-01       1.244216529555e+03 
       3.597003529601e-01       1.195388073375e+03 
       3.721735716982e-01       1.152482992603e+03 
       3.851932989059e-01       1.112517184661e+03 
       3.988101441581e-01       1.072192942627e+03 
       4.130841760173e-01       1.031567964388e+03 
       4.280874051803e-01       9.930001286778e+02 
       4.439071355366e-01       9.570529482998e+02 
       4.606505724552e-01       9.222204742419e+02 
       4.784512945729e-01       8.873888039583e+02 
       4.974785603450e-01       8.534075317707e+02 
       5.179510558978e-01       8.206095823315e+02 
       5.401578396427e-01       7.878916928919e+02 
       5.644914092968e-01       7.552159400425e+02 
       5.915021237723e-01       7.225372448699e+02 
       6.219922530160e-01       6.891370152370e+02 
       6.571881446088e-01       6.546181641119e+02 
       6.990774248951e-01       6.180442011547e+02 
       7.511222483067e-01       5.781373905583e+02 
       8.198892963002e-01       5.326702414418e+02 
       9.188990552105e-01       4.779328242812e+02 
       1.075680404489e+00       4.089994771084e+02 
       1.324834889789e+00       3.275144718889e+02 
       1.665265703079e+00       2.492920456653e+02 
       2.096397260555e+00       1.825738711314e+02 
       2.639207611469e+00       1.286943792811e+02 
       3.322565528991e+00       8.758499622672e+01 
       4.182862176798e+00       5.784874987735e+01 
       5.265911488404e+00       3.728495233877e+01 
       6.629389789010e+00       2.356956966550e+01 
       8.345907270074e+00       1.467718138411e+01 
       1.050687474677e+01       9.035577713924e+00 
       1.322737161725e+01       5.514613735985e+00 
       1.665227426020e+01       3.343982212077e+00 
       2.096397123034e+01       2.017989866636e+00 
       2.639207611399e+01       1.213440515381e+00 
       3.322565528991e+01       7.277200245741e-01 
