# Matter power spectrum P(k) at redshift z=0.5
# for k=1.06028e-05 to 33.5632 h/Mpc,
# number of wavenumbers equal to 127
#    1:k (h/Mpc)              2:P (Mpc/h)^3        
       1.060282293162e-05       2.946751074246e+01 
       1.334816322537e-05       3.677330754212e+01 
       1.680434188519e-05       4.589039198894e+01 
       2.115541302774e-05       5.726774500953e+01 
       2.663308705763e-05       7.146566196892e+01 
       3.352907009137e-05       8.918322966604e+01 
       4.221059837185e-05       1.112926546752e+02 
       5.313999493737e-05       1.388819774757e+02 
       6.689929000926e-05       1.733081913408e+02 
       8.422121622365e-05       2.162631312990e+02 
       1.060282293162e-04       2.698549504028e+02 
       1.334816322537e-04       3.367083064103e+02 
       1.680434188519e-04       4.200865175273e+02 
       2.115541302774e-04       5.240384911241e+02 
       2.663308705763e-04       6.535717208535e+02 
       3.352907009137e-04       8.148492349533e+02 
       4.221059837185e-04       1.015402272041e+03 
       5.313999493737e-04       1.264341557432e+03 
       6.689929000926e-04       1.572540307996e+03 
       8.422121622365e-04       1.952752779041e+03 
       1.060282293162e-03       2.419608500133e+03 
       1.334816322537e-03       2.989334496174e+03 
       1.680434188519e-03       3.678927572720e+03 
       2.115541302774e-03       4.504549585420e+03 
       2.663308705763e-03       5.478924134304e+03 
       3.352907009137e-03       6.607433240961e+03 
       4.221059837185e-03       7.882871421556e+03 
       5.313999493737e-03       9.278335557826e+03 
       6.689929000926e-03       1.073880885120e+04 
       8.422121622365e-03       1.217185667323e+04 
       1.060282293162e-02       1.343889560817e+04 
       1.334816322537e-02       1.435031410421e+04 
       1.680434188514e-02       1.467609530631e+04 
       2.115541275910e-02       1.419527811720e+04 
       2.663290556023e-02       1.281685360122e+04 
       3.350627432149e-02       1.076803003106e+04 
       4.151604071160e-02       8.775965203639e+03 
       4.810673300654e-02       7.666346479193e+03 
       5.291818474813e-02       7.111076531791e+03 
       5.691194954543e-02       6.758124106426e+03 
       6.049017502581e-02       6.487804476992e+03 
       6.383420650910e-02       6.249359527359e+03 
       6.704088535312e-02       6.017045722396e+03 
       7.016864922903e-02       5.777168030243e+03 
       7.325606825368e-02       5.523329493286e+03 
       7.633042894288e-02       5.254094178246e+03 
       7.941215319458e-02       4.971867805373e+03 
       8.251726458186e-02       4.681834663090e+03 
       8.565885481206e-02       4.391049648282e+03 
       8.884800110568e-02       4.107508527524e+03 
       9.209436435074e-02       3.839114847653e+03 
       9.540659265569e-02       3.592915001010e+03 
       9.879260140368e-02       3.374153944011e+03 
       1.022597721630e-01       3.185984187098e+03 
       1.058150966380e-01       3.028855139488e+03 
       1.094652823839e-01       2.900586671997e+03 
       1.132168312856e-01       2.796345835954e+03 
       1.170760982385e-01       2.709098355434e+03 
       1.210493351972e-01       2.630086657283e+03 
       1.251427242877e-01       2.550075605222e+03 
       1.293624027029e-01       2.460665520760e+03 
       1.337144814595e-01       2.356041804448e+03 
       1.382050596644e-01       2.234405868716e+03 
       1.428402356518e-01       2.098490440163e+03 
       1.476261161668e-01       1.955227130882e+03 
       1.525688246470e-01       1.813935944598e+03 
       1.576745095789e-01       1.684171351783e+03 
       1.629493538555e-01       1.573228728628e+03 
       1.683995860324e-01       1.484308151947e+03 
       1.740314943596e-01       1.415800764977e+03 
       1.798514444552e-01       1.361522461543e+03 
       1.858659014751e-01       1.312851488975e+03 
       1.920814576337e-01       1.260319647730e+03 
       1.985048659290e-01       1.197104713367e+03 
       2.051430809449e-01       1.122561274545e+03 
       2.120033076323e-01       1.042303922766e+03 
       2.190930590357e-01       9.648268005943e+02 
       2.264202240281e-01       8.973552167406e+02 
       2.339931462715e-01       8.433244149781e+02 
       2.418207158408e-01       8.012155516567e+02 
       2.499124752591e-01       7.649430352851e+02 
       2.582787421228e-01       7.272313035364e+02 
       2.669307510649e-01       6.841720203498e+02 
       2.758808185745e-01       6.368845136916e+02 
       2.851425352035e-01       5.905208421193e+02 
       2.947309910293e-01       5.504605730558e+02 
       3.046630420214e-01       5.178589215427e+02 
       3.149576273246e-01       4.896272785617e+02 
       3.256361506489e-01       4.614078431402e+02 
       3.367229432721e-01       4.309857211738e+02 
       3.482458320828e-01       4.002647465108e+02 
       3.602368443365e-01       3.723451623899e+02 
       3.727330924395e-01       3.483998938007e+02 
       3.857778987778e-01       3.264244550650e+02 
       3.994222449863e-01       3.043001541627e+02 
       4.137266663052e-01       2.821342023809e+02 
       4.287637666749e-01       2.615470920212e+02 
       4.446216155796e-01       2.429099436616e+02 
       4.614084233770e-01       2.251789954038e+02 
       4.792591136726e-01       2.076331732024e+02 
       4.983447849935e-01       1.909646581919e+02 
       5.188867054796e-01       1.754428908478e+02 
       5.411776646241e-01       1.603134530504e+02 
       5.656157401211e-01       1.456918210284e+02 
       5.927599816744e-01       1.316846209502e+02 
       6.234268663119e-01       1.179349575850e+02 
       6.588673545861e-01       1.044749758132e+02 
       7.011147796237e-01       9.105423776616e+01 
       7.537232935068e-01       7.750259185072e+01 
       8.234604926499e-01       6.352273350395e+01 
       9.242981558938e-01       4.885725971531e+01 
       1.084498564909e+00       3.381076114966e+01 
       1.337989474739e+00       2.067307654340e+01 
       1.682173900005e+00       1.197797151578e+01 
       2.117692548365e+00       6.854720032014e+00 
       2.666016833910e+00       3.890061955748e+00 
       3.356316340421e+00       2.191056480749e+00 
       4.225351930976e+00       1.225977410779e+00 
       5.319402919679e+00       6.817968877156e-01 
       6.696731511156e+00       3.771071497578e-01 
       8.430685475357e+00       2.075475409854e-01 
       1.061360418377e+01       1.136935725360e-01 
       1.336173601767e+01       6.201880764641e-02 
       1.682142901833e+01       3.369189776985e-02 
       2.117692445387e+01       1.821999551117e-02 
       2.666016833863e+01       9.825533887777e-03 
       3.356316340421e+01       5.283752190746e-03 
