# Matter power spectrum P(k) at redshift z=0.5
# for k=1.03337e-05 to 32.7125 h/Mpc,
# number of wavenumbers equal to 127
#    1:k (h/Mpc)              2:P (Mpc/h)^3        
       1.033368352207e-05       3.224733494360e+01 
       1.300933678337e-05       4.024233722230e+01 
       1.637778466717e-05       5.021947685865e+01 
       2.061840930640e-05       6.267012976689e+01 
       2.595703942660e-05       7.820743463875e+01 
       3.267797654909e-05       9.759644683549e+01 
       4.113913508366e-05       1.217916675488e+02 
       5.179110257605e-05       1.519838298444e+02 
       6.520113513783e-05       1.896580049708e+02 
       8.208336590284e-05       2.366658152990e+02 
       1.033368352207e-04       2.953146311514e+02 
       1.300933678337e-04       3.684773662101e+02 
       1.637778466717e-04       4.596905979576e+02 
       2.061840930640e-04       5.734391110797e+02 
       2.595703942660e-04       7.151806841158e+02 
       3.267797654909e-04       8.916627643931e+02 
       4.113913508366e-04       1.111135023122e+03 
       5.179110257605e-04       1.383585612091e+03 
       6.520113513783e-04       1.720949993192e+03 
       8.208336590284e-04       2.137253888267e+03 
       1.033368352207e-03       2.648625431206e+03 
       1.300933678337e-03       3.273016362948e+03 
       1.637778466717e-03       4.029332281386e+03 
       2.061840930640e-03       4.935728424302e+03 
       2.595703942660e-03       6.006816876506e+03 
       3.267797654909e-03       7.249423102324e+03 
       4.113913508366e-03       8.656871072371e+03 
       5.179110257605e-03       1.020124988918e+04 
       6.520113513783e-03       1.182413152527e+04 
       8.208336590284e-03       1.342613583780e+04 
       1.033368352207e-02       1.485760889930e+04 
       1.300933678337e-02       1.591234683032e+04 
       1.637778466716e-02       1.633762162184e+04 
       2.061840919132e-02       1.588397361780e+04 
       2.595694349972e-02       1.443141291252e+04 
       3.266367986133e-02       1.219230265723e+04 
       4.063080522947e-02       9.912877907748e+03 
       4.748517185810e-02       8.574741885337e+03 
       5.243353926368e-02       7.920465955272e+03 
       5.649202604874e-02       7.514736585737e+03 
       6.010526863424e-02       7.209828837572e+03 
       6.346961738305e-02       6.945042495877e+03 
       6.668822278042e-02       6.690270038443e+03 
       6.982260447445e-02       6.429583582843e+03 
       7.291301036319e-02       6.155323288706e+03 
       7.598771560051e-02       5.865524434965e+03 
       7.906776022448e-02       5.562382736393e+03 
       8.216957214761e-02       5.251186773234e+03 
       8.530651689248e-02       4.939274722146e+03 
       8.848986208704e-02       4.634990983263e+03 
       9.172940368900e-02       4.346743312970e+03 
       9.503388700418e-02       4.081917152853e+03 
       9.841129801999e-02       3.846252144968e+03 
       1.018690698400e-01       3.643038273439e+03 
       1.054142317991e-01       3.472917740973e+03 
       1.090535188134e-01       3.333746977955e+03 
       1.127934524749e-01       3.220565723433e+03 
       1.166404016494e-01       3.126110882057e+03 
       1.206006279517e-01       3.041377166948e+03 
       1.246803199275e-01       2.956705639580e+03 
       1.288856187521e-01       2.863303388206e+03 
       1.332226375836e-01       2.754788805948e+03 
       1.376974762583e-01       2.628886327463e+03 
       1.423162327153e-01       2.488046039425e+03 
       1.470850123443e-01       2.339041786082e+03 
       1.520099363180e-01       2.191324845369e+03 
       1.570971498937e-01       2.054800373949e+03 
       1.623528316142e-01       1.937079439882e+03 
       1.677832043092e-01       1.841847280638e+03 
       1.733945487740e-01       1.767874393393e+03 
       1.791932209949e-01       1.709207454605e+03 
       1.851856737759e-01       1.657181057158e+03 
       1.913784836200e-01       1.602336160422e+03 
       1.977783837209e-01       1.537307627068e+03 
       2.043923039318e-01       1.460766264708e+03 
       2.112274186113e-01       1.377841527664e+03 
       2.182912033019e-01       1.296989590048e+03 
       2.255915012929e-01       1.225594295470e+03 
       2.331366012630e-01       1.167453979805e+03 
       2.409353274127e-01       1.121527123409e+03 
       2.489971437946e-01       1.082121025736e+03 
       2.573322749649e-01       1.042034320278e+03 
       2.659518456333e-01       9.969603330009e+02 
       2.748680427313e-01       9.475305243904e+02 
       2.840943043039e-01       8.984651831955e+02 
       2.936455409231e-01       8.551544247959e+02 
       3.035383970498e-01       8.191461264264e+02 
       3.137915620546e-01       7.877579566259e+02 
       3.244261436862e-01       7.568128372460e+02 
       3.354661209434e-01       7.238797566273e+02 
       3.469388990165e-01       6.904206998095e+02 
       3.588759969111e-01       6.593586416793e+02 
       3.713139095537e-01       6.320253188062e+02 
       3.842952022167e-01       6.067896551477e+02 
       3.978699184466e-01       5.815518334468e+02 
       4.120974173288e-01       5.561895323478e+02 
       4.270488083781e-01       5.321061580385e+02 
       4.428102335201e-01       5.097726433822e+02 
       4.594873743567e-01       4.883241483657e+02 
       4.772117726053e-01       4.669835691151e+02 
       4.961499036217e-01       4.462298784730e+02 
       5.165165541329e-01       4.263752729656e+02 
       5.385951576882e-01       4.067358782271e+02 
       5.627698171338e-01       3.872511870793e+02 
       5.895778483540e-01       3.679719855545e+02 
       6.198002618022e-01       3.484760897043e+02 
       6.546267033571e-01       3.285848551660e+02 
       6.959769273854e-01       3.078264509318e+02 
       7.471771155173e-01       2.855963634844e+02 
       8.144981957623e-01       2.608557276738e+02 
       9.107947306635e-01       2.319513403846e+02 
       1.062464526139e+00       1.968522071110e+02 
       1.304911853485e+00       1.567606873911e+02 
       1.639560076218e+00       1.194433603563e+02 
       2.064017775393e+00       8.835123941008e+01 
       2.598444159643e+00       6.323747366192e+01 
       3.271247383546e+00       4.369365311249e+01 
       4.118256459412e+00       2.918148914610e+01 
       5.184577709039e+00       1.891465974573e+01 
       6.526996627331e+00       1.195817448103e+01 
       8.217001916841e+00       7.410308815304e+00 
       1.034459252187e+01       4.520754082641e+00 
       1.302307040044e+01       2.725091569162e+00 
       1.639507426670e+01       1.627895821370e+00 
       2.064017562260e+01       9.659275564700e-01 
       2.598444159519e+01       5.702894519740e-01 
       3.271247383546e+01       3.354672892909e-01 
